function [chf] = bobkov3(g,x,p)
% (c) 2023, Saad Islam AMEI
% Dept. of Nuclear Engineering, University of Dhaka
%
% LUT based on:  
% Bobkov, V. P., et al. "A modified table for calculating critical heat 
% fluxes in assemblies of triangularly packed fuel rods." Thermal 
% engineering 58 (2011): 317-324.
%
% Input: 
% ------
% bobkov3(g,x,p)
%
% Where, 
% g: mass flux, G (kg/m2s)
% x: thermodynamic equilibrium quality, xe
% p: pressure, P (kPa)
% 
% Output: 
% -------
% chf: crtitical heat flux, CHF (kW/m2)

% Todo:
% -----
% interpolate and fill-in the missing (nan) values

xdata=[-0.5,-0.4,-0.3,-0.2,-0.1,0,0.1,0.2,0.3,0.4,0.5,0.6,0.7,0.8,0.9,1];
gdata=[25,50,100,200,300,500,750,1000,1500,2000,3000,4000,5000];
pdata=[100,200,400,600,1000,2000,3000,5000,6000,8000,10000,12000,14000,16000,18000,20000];

lut(:,:,1)=[nan,nan,nan,370,140,72,70,70,68,67,67,53,49,46,43,42;
nan,nan,nan,596,227,118,114,113,111,110,109,89,68,68,68,68;
nan,nan,nan,661,304,189,196,205,215,221,214,174,134,132,132,132;
nan,nan,nan,937,519,324,334,343,342,323,299,243,200,185,189,nan;
nan,nan,nan,1418,910,573,587,590,569,504,450,365,321,nan,nan,nan;
nan,nan,nan,1930,1386,859,911,898,884,846,716,479,nan,nan,nan,nan;
nan,nan,nan,2188,1601,1038,1084,1061,981,977,nan,nan,nan,nan,nan,nan;
nan,nan,nan,2416,1795,1210,1249,1213,1061,nan,nan,nan,nan,nan,nan,nan;
nan,nan,nan,2813,2093,1462,1472,1418,1358,nan,nan,nan,nan,nan,nan,nan;
nan,nan,nan,3181,2377,1689,1689,1588,nan,nan,nan,nan,nan,nan,nan,nan;
nan,nan,nan,3951,2981,2196,2163,nan,nan,nan,nan,nan,nan,nan,nan,nan;
nan,nan,nan,4963,3687,2799,nan,nan,nan,nan,nan,nan,nan,nan,nan,nan;
nan,nan,nan,6307,4481,3525,nan,nan,nan,nan,nan,nan,nan,nan,nan,nan];

lut(:,:,2)=[nan,nan,nan,357,162,100,77,72,72,73,69,57,47,46,46,45;
nan,nan,nan,575,263,164,126,117,117,119,114,93,76,74,72,70;
nan,nan,nan,645,336,212,200,209,216,216,212,179,142,132,133,116;
nan,nan,nan,925,563,358,351,357,350,331,309,251,208,188,190,160;
nan,nan,nan,1417,975,620,632,627,597,541,480,376,323,292,288,227;
nan,nan,nan,1930,1476,951,976,940,868,806,678,462,364,327,nan,nan;
nan,nan,nan,2180,1696,1128,1136,1092,964,921,780,505,nan,nan,nan,nan;
nan,nan,nan,2396,1895,1298,1287,1230,1045,1022,870,nan,nan,nan,nan,nan;
nan,nan,nan,2773,2187,1540,1494,1425,1282,1237,nan,nan,nan,nan,nan,nan;
nan,nan,nan,3140,2479,1768,1709,1613,1448,nan,nan,nan,nan,nan,nan,nan;
nan,nan,nan,3926,3102,2266,2165,1893,nan,nan,nan,nan,nan,nan,nan,nan;
nan,nan,nan,5089,3816,2856,nan,nan,nan,nan,nan,nan,nan,nan,nan,nan;
nan,nan,nan,6518,4600,3518,nan,nan,nan,nan,nan,nan,nan,nan,nan,nan];

lut(:,:,3)=[nan,nan,nan,336,194,135,94,83,78,76,70,60,56,55,53,50;
nan,nan,nan,541,312,217,154,133,128,125,113,95,90,86,84,80;
nan,nan,nan,626,389,242,226,229,231,223,215,196,166,150,150,120;
nan,nan,nan,921,644,425,411,403,371,344,313,276,237,213,208,153;
nan,nan,nan,1447,1105,759,757,727,625,561,486,411,360,320,311,217;
nan,nan,nan,1974,1627,1144,1114,1036,861,726,566,434,356,319,308,nan;
nan,nan,nan,2218,2156,1310,1255,1170,951,803,619,437,nan,nan,nan,nan;
nan,nan,nan,2426,2068,1461,1375,1287,1023,863,659,nan,nan,nan,nan,nan;
nan,nan,nan,2786,2369,1685,1659,1514,1153,937,nan,nan,nan,nan,nan,nan;
nan,nan,nan,3161,2681,1919,1919,1719,1242,nan,nan,nan,nan,nan,nan,nan;
nan,nan,nan,4008,3339,2510,2486,2008,nan,nan,nan,nan,nan,nan,nan,nan;
nan,nan,nan,5311,4089,3024,2954,nan,nan,nan,nan,nan,nan,nan,nan,nan;
nan,nan,nan,6863,4854,3508,nan,nan,nan,nan,nan,nan,nan,nan,nan,nan];

lut(:,:,4)=[nan,nan,449,325,210,148,107,93,88,84,70,63,63,62,61,54;
nan,nan,721,524,337,240,174,150,143,135,116,102,101,98,96,95;
nan,nan,833,621,431,266,261,259,256,238,218,211,189,168,162,137;
nan,nan,1210,944,729,505,487,458,389,350,306,293,267,237,225,158;
nan,nan,1874,1522,1275,947,909,824,630,547,461,437,404,357,333,192;
nan,nan,2500,2078,1823,1383,1278,1154,873,684,485,410,359,317,310,238;
nan,nan,2733,2318,2056,1538,1413,1258,942,735,524,402,328,290,nan,nan;
nan,nan,2915,2519,2255,1668,1519,1337,994,767,550,379,282,nan,nan,nan;
nan,nan,3322,2890,2579,1888,1840,1577,1027,745,nan,nan,nan,nan,nan,nan;
nan,nan,3773,3280,2914,2104,2130,1770,1076,nan,nan,nan,nan,nan,nan,nan;
nan,nan,5024,4169,3603,2732,2781,2036,nan,nan,nan,nan,nan,nan,nan,nan;
nan,nan,6921,5428,4379,3199,3252,nan,nan,nan,nan,nan,nan,nan,nan,nan;
nan,nan,9218,6946,5005,3564,nan,nan,nan,nan,nan,nan,nan,nan,nan,nan];

lut(:,:,5)=[nan,448,387,310,232,171,130,112,103,96,84,84,83,76,74,50;
nan,721,622,499,373,275,210,182,167,155,133,133,132,123,119,81;
nan,819,731,619,494,328,318,306,288,255,208,216,217,190,178,88;
nan,1184,1106,995,885,658,611,529,414,355,294,301,298,262,242,122;
nan,1824,1775,1680,1606,1279,1156,938,631,529,443,446,435,381,348,168;
nan,2437,2398,2306,2263,1840,1596,1388,883,676,447,377,366,322,302,187;
nan,2662,2618,2521,2463,1997,1733,1404,911,707,468,352,316,279,262,185;
nan,2835,2787,2685,2616,2110,1836,1374,913,717,476,311,249,220,211,177;
nan,3273,3173,3073,2969,2336,1999,1544,787,501,nan,nan,nan,nan,nan,nan;
nan,3926,3627,3497,3350,2482,2251,1691,nan,nan,nan,nan,nan,nan,nan,nan;
nan,5761,4834,4381,4102,2917,2779,nan,nan,nan,nan,nan,nan,nan,nan,nan;
nan,8037,6633,5484,4864,3442,nan,nan,nan,nan,nan,nan,nan,nan,nan,nan;
nan,10688,8783,6737,5049,nan,nan,nan,nan,nan,nan,nan,nan,nan,nan,nan];

lut(:,:,6)=[369,344,303,259,207,153,118,104,95,89,86,87,91,81,74,38;
594,553,488,415,333,247,192,167,154,143,138,140,146,130,123,62;
667,630,575,511,433,293,283,276,263,243,220,213,196,172,158,95;
953,918,872,815,751,567,533,491,398,372,338,312,270,236,215,111;
1449,1422,1403,1366,1334,1079,996,886,639,602,549,462,396,344,311,130;
1949,1923,1906,1868,1861,1620,1403,1256,875,814,651,482,396,344,311,148;
2143,2107,2085,2041,2023,1754,1528,1278,908,811,627,445,350,300,273,152;
2295,2248,2220,2173,2142,1850,1620,1257,916,783,576,385,282,244,221,134;
2789,2605,2536,2481,2424,2047,1702,1348,866,573,390,248,218,184,167,122;
3613,3153,2894,2816,2714,2131,1811,1438,841,468,294,193,nan,nan,nan,nan;
5570,4735,3946,3527,3297,2412,2136,1571,759,444,nan,nan,nan,nan,nan,nan;
7625,6610,5549,4473,3896,2785,2577,1700,nan,nan,nan,nan,nan,nan,nan,nan;
10011,8748,7415,5692,4074,3061,2847,nan,nan,nan,nan,nan,nan,nan,nan,nan];

lut(:,:,7)=[340,310,278,251,215,159,126,110,105,100,99,98,97,93,89,48;
547,498,448,404,346,256,203,177,162,152,158,164,172,152,142,70;
616,570,530,494,440,306,295,290,276,263,257,239,207,181,164,100;
889,844,815,790,749,580,548,526,443,432,416,350,287,250,226,95;
1367,1329,1327,1326,1319,1091,1017,967,744,741,709,548,424,367,330,134;
1876,1856,1841,1826,1787,1614,1445,1319,1078,977,827,648,488,418,374,158;
2092,2073,2050,2027,1979,1805,1616,1396,1166,982,806,601,441,371,331,165;
2267,2301,2261,2225,2157,1950,1708,1440,1155,941,714,510,362,304,275,162;
2803,2740,2618,2537,2416,2124,1807,1485,1109,796,545,365,273,231,206,115;
3685,3561,3247,3015,2763,2317,1925,1529,1051,669,415,277,195,162,141,nan;
5758,5107,4405,3814,3269,2616,2141,1605,1011,630,419,276,155,129,nan,nan;
7964,7082,6068,4933,3888,2998,2474,1748,1127,819,570,369,184,nan,nan,nan;
10534,9408,8206,6339,4360,3306,2961,1842,1303,1086,753,483,nan,nan,nan,nan];

